0.765965309209057 0.0723482462867982 -0.0975501257295605 -0.0548024619002637 -0.0501453385136805 -0.0479070179716939 -0.208074252888301 0.0708026375776172 -0.0908834132465741 0.0117505312808223 -0.0530052892564003 -0.0279022952980529 -0.0468231571010995 -0.0163469426138963 -0.05117013540976 -0.0607912322281726 0.0602261544648821 -0.0712370827609192 -0.0840643330536243 -0.00932381383539398 -0.0179154211079585 0.351920604307191 -0.0823486791217849 -0.14599005518362 -0.102923265762622 -0.00342360491262537 -0.0712880102222255 -0.12802124986608 -0.0936657675552635 -0.0680266758892515 0.0155887785744792 -0.0389110269913303 -0.0904076547381016 -0.041393444107235 0.0769316054626881 0.0980797139503971 0.0485327622862946 -0.0743700185493111 -0.0192971787764766 0.0117068318682439 -0.0184002895859987 -0.126414436482517 0.0497314607796954 -0.0089461607292224 0.0515412272432119 -0.0247200641415228 -0.0136213425421544 0.160140391442778 0.148256589960775 0.111342803964472 -0.00155070979829804 -0.00385564003076163 -0.128025734729507 0.571254030886081 -0.0969852660368952 -0.032953111269377 -0.0741205946309206 0.0693481396048465 -0.11782036067832 -0.0588270765852725 -0.0159060601144578 0.0744884306213561 0.00731999937056923 -0.0510629261199919 -0.0604197779454393 0.0298869607656111 -0.0242887747639221 -0.0281304211840822 0.0340651746135661 -0.0496573430126975 -0.0597477376384381 -0.11814681548529 -0.0504285541088568 0.0641969829004642 0.0479571602153886 -0.118043743329901 -0.0434535986311527 0.20277045477408 -0.0488368595725635 -0.0197125778427433 0.0631883951569439 0.0630834022372591 0.250877038593126 -0.0450605082503527 -0.0601340937741445 -0.0214954542470602 -0.0374652005618476 -0.0173375830051011 -0.00772405697835521
0.0723482462867982 1.66301215003497 -0.19614348119549 -0.0973357055111527 -0.25048096447094 -0.0910469119117886 -0.132882797951494 -0.170136887557221 0.459877048833159 -0.172977083494848 -0.0964242531299351 -0.190199187661478 0.00553239931964502 0.0149240384208027 -0.170956465806975 -0.078815658417084 -0.0801805042598688 -0.207096458900922 -0.153893333343715 -0.0388022476563513 0.0928904813947382 0.0951479380193371 -0.0964783648667786 0.0740520532132524 0.133197901751418 -0.222677732779321 -0.230172793538489 -0.208922827446647 0.158699159858605 0.119631119528124 -0.175467038187825 -0.21966597201021 0.313974777557704 -0.229011584145235 -0.133942439812786 -0.0801747165572871 -0.216043243809708 0.335102680752817 -0.201028185638952 0.0263352748588369 -0.236534894306735 0.0237356452741247 0.283065175321595 0.189649163564693 0.0234555679899038 -0.146950062839299 0.148144786205931 0.377027023872935 0.17319322342511 -0.137046140037309 -0.00507895415845081 0.0330706243258857 0.0986588901216413 0.0752531837276387 0.254502262205365 -0.159212607560474 0.197649048084374 -0.127266709376909 -0.272059648613035 0.170627890604191 0.0668326010644445 -0.084302301363012 -0.0503205672890174 0.170865764524078 0.135976170849582 -0.0325056595238821 -0.165176105060604 -0.081100634668592 0.0143822848991259 0.240137795040449 -0.132824108797211 -0.272386103420006 0.0792731931800944 0.715171307634066 0.722040868553614 -0.272283031264617 0.201745949948727 -0.0183711192287764 -0.204895332516189 -0.0589663646909877 -0.149071699454726 -0.250757697151705 -0.115601886692407 -0.189103795034279 -0.152374327471474 -0.210814081653347 0.0785179503648398 -0.107758375276969 -0.211982593099244
-0.0975501257295605 -0.19614348119549 0.706213532558896 0.201324124379202 0.228805023934153 0.0734760538154223 -0.0557174525329084 0.114561648552267 -0.120630520038722 0.185285572006635 0.151775704748595 0.162194186745641 0.0189572467771706 0.0461798005686352 -0.0648801012881278 0.124954630662913 0.175699191223449 0.290070293697106 0.174240683240194 0.0283662783256153 -0.00875852624449662 -0.102768161250614 -0.0402768676612338 -0.179084058643618 -0.17781961893729 0.189691890561076 0.269294751581029 0.210606392637734 -0.195301167889923 -0.0267410196245672 0.115570345011849 0.185909342897128 -0.150048033720857 0.299625989061552 -0.0659974891087025 -0.0398735582119467 0.136662434982931 -0.164839497114514 0.134044562939553 -0.0714243147553163 0.150753877669405 -0.233863470737184 -0.196666608757464 -0.147014082365587 -0.0997031589262841 0.144467957898852 -0.122773137033915 -0.214361381778829 -0.0624140533462878 -0.118954983377696 0.0273818981249373 -0.101648023814645 -0.197498185963274 -0.07071566313092 -0.28375036326463 0.160418882255454 -0.206053053881812 0.0093222048357787 -0.0761358251024488 -0.180668228553136 -0.180314870680557 -0.00410739871626355 -0.0904603179057362 -0.0786894159990357 -0.148695220990252 -0.104606949633177 0.161430643100272 0.121119779029159 -0.0925641609151569 -0.0913792682451797 -0.0661809804781462 -0.0759555946373221 -0.193085268168617 -0.181287691208571 -0.186305676964691 -0.0760436354367169 -0.228776636185766 -0.0243255042324992 0.183000502514611 0.135007150423541 -0.126419114884322 0.0945653686771347 -0.064734512462208 0.222018110580264 -0.0375048778833503 0.210256392377654 0.015764794159743 0.131289502542092 0.183204564512509
-0.0548024619002637 -0.0973357055111527 0.201324124379202 0.667250218212837 0.19038767163139 0.0665504438322189 -0.020860398163145 0.131267577526131 -0.0933630975163962 0.0757568506619666 0.129065729190916 0.147717977229323 0.0087778540966797 0.0376721946682006 -0.0486633362111502 0.100933250160438 0.0943674509432154 0.177340698223518 0.102291693162039 0.0353914484679594 -0.0299926128517087 -0.0940818777229855 -0.0177797786984302 -0.176553046698948 -0.141721235644927 0.135511042876899 0.182130740731098 0.143923557602371 -0.218306617847871 -0.0508470222408001 0.100779802155969 0.165915275637917 -0.150460823418476 0.175196935139137 -0.0624855157584734 0.0215960456058048 0.171025686039185 -0.0941227362185448 0.0652703166334086 -0.0749724440241115 0.100426119563245 -0.236147899276285 -0.187517029159909 -0.161868999718289 -0.0859918206776826 0.0969991648358229 -0.181078875779019 -0.208423497250618 -0.0388509926120062 -0.0227383513883997 -0.0028141315584927 -0.133796626164647 -0.189335415466448 -0.0544521973309619 -0.264417403287883 0.106314168272706 -0.152513856392984 0.073720372962259 0.0128971261214857 -0.146986902514155 -0.122844757482119 0.0201171533822971 -0.0623492504208742 -0.0590105659292492 -0.168376611405199 -0.17824371137617 0.110820451550137 0.10662239478614 -0.0299719258078643 -0.0530508989373007 -0.0413991044841355 0.0129528972240834 -0.101135325494086 -0.1143799304279 -0.1032626059775 0.0126737434699046 -0.212656024118327 -0.0553755156131155 0.118262601719553 0.0713645301149541 -0.0370297192812509 0.133209976825311 -0.0432668078358417 0.176965305846765 -0.0140239356759892 0.155772402580337 0.0172672071813806 0.151045649111772 0.136783548916558
-0.0501453385136805 -0.25048096447094 0.228805023934153 0.19038767163139 0.554386732224425 0.0880260247032027 -0.0477699715703784 0.163371203503119 -0.195439861067644 0.178663452927552 0.154458588220975 0.196982999435788 -5.09493093101208e-06 0.0221056123785134 -0.0421220756606993 0.0969561429514795 0.165328079381721 0.234034822206762 0.213991874228928 0.0321738753709206 -0.0608357265525194 -0.115504949796417 -0.0365890319688109 -0.213973368847503 -0.16813032633918 0.256141524277801 0.290484060896209 0.21986073160787 -0.24314596492012 -0.0754828678168053 0.193426670936454 0.239866900254116 -0.199598005439914 0.279038619691042 -0.0345045766128289 0.0331970740691251 0.167417744067762 -0.20982843061139 0.17496155546616 -0.0895565769790841 0.225802422803944 -0.238337998051486 -0.216938340040761 -0.186500575510461 -0.0767332855017189 0.174231212891855 -0.161769796630662 -0.223167486224106 -0.0804900774208331 -0.109529584078329 -0.0202764389845191 -0.154589249480978 -0.260881418367341 -0.0489978907558212 -0.319201428931025 0.154887262011108 -0.231612691122611 0.0423040625186253 -0.0488515111962885 -0.196223816240631 -0.174838135215402 0.0422731592437283 -0.00993078728718784 -0.12740892549512 -0.187731134190257 -0.142628559046582 0.129345669049415 0.119996012415848 -0.0717794470304511 -0.0894936821776059 -0.025641212883131 -0.0484801677763779 -0.199252597083267 -0.226869466204829 -0.210660581089179 -0.0487593215305567 -0.244189079410226 -0.035496568807015 0.22270060849325 0.104259749293189 -0.10124790521631 0.155085928036796 -0.0528781067339996 0.283309735565516 -0.00439179337077596 0.234424870867644 -0.0362157353601284 0.208661813612514 0.225758435376442
-0.0479070179716939 -0.0910469119117886 0.0734760538154223 0.0665504438322189 0.0880260247032027 0.820053817311599 -0.0456493996450645 0.0424025916340096 0.024138079172004 0.0365797839202516 -0.0100510611098087 0.118397956235344 0.201966525278782 -0.0484628605221541 -0.115812050122609 0.0889977600815586 0.0362504666872569 0.102586097624762 0.0527417355027748 0.0635799759791817 -0.028451798945413 -0.00897929324135016 -0.104007361196537 0.0320368940943267 -0.154341423435107 0.0643099917262497 0.0772604592426273 0.108409305085231 -0.0832572433562401 -0.0237747235610087 0.0383367676701608 0.0495812608004191 0.00799722132204575 0.0509018553322669 -0.102327611547858 -0.0552354854593493 0.0783692083161764 -0.0651834075773175 0.00466339056530399 0.00337677178611607 0.0470992882331431 -0.134182906541555 -0.0762061691821279 -0.14052955091792 -0.0288999205647282 0.109855291268868 -0.0895229148331196 -0.0893675553827638 -0.0925016302794415 -0.0063674114965714 0.0671361740325673 -0.134676394798124 -0.0636238141575553 -0.0604826779618276 -0.0648137111986143 0.026067432512422 -0.07558102376884 -0.0432434122983258 -0.0328106282134939 -0.132055592678418 -0.160453418482067 -0.0497547739385905 -0.113778742036672 -0.0993964284013772 -0.0992030662193132 -0.0546113261326457 0.00174394078777206 0.122163037246704 -0.0196923178766425 -0.0382851004274824 0.0178102126365654 -0.0331370830204641 -0.114597013540752 -0.162784916710163 -0.148479494021421 -0.033034010865075 -0.0316422555100061 0.0299820342984527 0.0668372099309356 0.0738956806015188 -0.0322038921316772 0.0212840275269013 0.0458196803743522 0.182933799667547 -0.023425911788526 0.0719402411460197 0.165782531022156 0.0685315779811951 0.065960117993518
-0.208074252888301 -0.132882797951494 -0.0557174525329084 -0.020860398163145 -0.0477699715703784 -0.0456493996450645 1.71239905487157 -0.0647155356618294 -0.0265938696783087 -0.148223384551749 0.183168827159779 -0.0393459614861425 -0.0722248823035301 -0.138370443513394 0.690204790891469 -0.0838954239214312 0.0407488781169761 -0.0640124992045089 0.00522786139341502 -0.0710103990346334 -0.153388733594714 -0.11946181781 0.520649417639149 0.0841886623060085 0.0833979771665607 -0.0285541191572943 -0.0816607717823797 0.0317652000411681 -0.0897936630480426 -0.188260658753083 -0.10576670819302 0.00992792552317819 -0.085783358968025 -0.0552909131303533 0.299623229671065 -0.0623673059857943 0.0172555238689719 -0.0627429166179733 -0.102971846171384 -0.163295512256754 -0.0466272715992417 0.151623559815493 -0.180503532850195 -0.174090073730504 0.372870031460556 -0.136565785022203 -0.188574880350458 -0.157532043612252 -0.137618537243116 0.0677621518245874 -0.124313421257594 -0.173195313071153 -0.0443859915496392 -0.213501539163252 0.107105796616252 -0.0879232181113091 -0.137871637300275 -0.0277355842320593 0.198423126657446 -0.148438074149393 0.214054329923768 -0.155119570287393 0.0860053178982992 -0.128997772206911 -0.199549268982257 -0.157836968415092 -0.0775620096390733 -0.000442284460942125 -0.0741152736582595 0.0161265568090256 0.0244661579599684 0.198412244167788 0.0341114764961998 -0.0102128913902656 -0.0369606363132136 0.198515316323177 -0.0107520766963698 -0.19392881223547 -0.0589097557155549 -0.179869219773434 0.0342259185069569 -0.0182484656461242 -0.107045703518891 -0.0501027788838455 0.821467149985027 -0.0633696731432052 -0.0983739671144076 -0.00913631099735571 -0.023631143197028
0.0708026375776172 -0.170136887557221 0.114561648552267 0.131267577526131 0.163371203503119 0.0424025916340096 -0.0647155356618294 0.595098945120749 -0.115631612141586 0.115073027336752 -0.00260284591996087 0.0803621267070701 0.0181172073480734 0.0502890369962402 -0.00880523166276293 0.113626790833496 0.0582544388652557 0.105518617166326 0.122743472915159 0.013876799001481 -0.0709285469237149 -0.00504354461776648 0.0591631351624154 -0.201369197069104 -0.146572278738941 0.21960704349556 0.115633400821509 0.104298813851958 -0.22449347628413 -0.0478812679803415 0.140280033686325 0.157998960340027 -0.144502787153295 0.134647714396326 0.0729298615440861 0.108611664714542 0.217554830237373 -0.165970627501115 0.170251982354548 -0.098743992646548 0.1847600063422 -0.221444561099169 -0.218464810133684 -0.171064970660834 -0.0757512883163577 0.0776493102891713 -0.142057976372935 -0.2037987449395 -0.0249434896472015 -0.0860720374085899 -0.00794363545919854 -0.0893267800812017 -0.200061326373354 0.0471358760663757 -0.305723367778026 0.112998554100628 -0.177617093616606 0.0795922859934384 0.0326030424291908 -0.183417911437282 -0.154040886524485 0.0970385069825742 0.0803757049266469 -0.112491477045437 -0.157108242872451 -0.0801757911890444 0.120909532006239 0.0277871392717763 -0.0802016445851049 -0.0677250176473075 -0.0358733918515928 0.0325921599395336 -0.115151508117188 -0.193373897736783 -0.18910650707407 0.0326952320949227 -0.207710203732562 0.0298807059138418 0.110706504430746 0.0438607599331889 -0.0742650053715101 0.223892635639678 -0.00110018613908999 0.103584424569923 -0.0275337268164931 0.165304167188797 -0.0213658752236699 0.147305509009605 0.0972935682925969
-0.0908834132465741 0.459877048833159 -0.120630520038722 -0.0933630975163962 -0.195439861067644 0.024138079172004 -0.0265938696783087 -0.115631612141586 1.71136808847561 -0.12981762668029 0.0025824952117603 -0.113266327795262 -0.0144937101406623 0.0126833828297474 -0.0540322232385231 -0.0843880516524372 -0.0191800650521677 -0.171310912743043 -0.0647338152007478 -0.0865019050247686 -0.00216528456961653 0.00425022614352334 -0.0508083041231417 0.170071037200456 0.172330840540899 -0.223588290227463 -0.148828499110724 -0.0619961768729577 0.0825092406486032 0.169039962189538 -0.106455457123479 -0.151013082432342 0.497420804291976 -0.205571144670607 -0.0665537661341057 -0.147726594551094 -0.194646112376964 0.266999051966154 -0.00737794741748666 -0.0166735840551551 -0.224405394239662 0.0524470940158996 0.19105182054078 -0.0143054000909253 0.0587400491941808 -0.124565808619259 0.0326960173727792 0.20381749029519 -0.0172723908758091 -0.112544023584563 -0.0424164745391847 -0.0785164653105545 0.0847660662665067 -0.0938606735549338 0.287561289249778 -0.130779271253907 0.154757255382195 -0.151527190276742 -0.100893839235974 0.0633691759798064 0.0410740151536201 -0.144968282555902 0.028067147706927 0.0191420417322575 0.0338966012840072 0.0154907555707414 -0.119668931684629 -0.0568613882813672 -0.0686317184050418 0.0310687548655366 0.0737726990527543 -0.100589149408318 0.131359857941257 0.231791170325471 0.24101868561322 -0.100486077252929 0.213705774509736 -0.0973382548718243 -0.163594513575774 -0.0539087898850554 -0.0842519017317038 -0.230428077394831 -0.0956114317291874 -0.135273564543414 -0.155573310043928 -0.183871931354452 0.0297646449979668 0.0245087525890034 -0.119321907960347
0.0117505312808223 -0.172977083494848 0.185285572006635 0.0757568506619666 0.178663452927552 0.0365797839202516 -0.148223384551749 0.115073027336752 -0.12981762668029 0.722251220821733 0.0398502470497481 0.130376488283939 0.0601789055756981 -0.0211499403528171 -0.00498379436678476 0.240842163018407 0.154712693732403 0.274377553011027 0.135528127922584 0.0726854199292758 -0.0407143838264218 -0.104648196809634 -0.0961866292877767 -0.0823206358439159 -0.118085614488775 0.153991842929928 0.181987492549144 0.169578488562652 -0.17480296748365 -0.0292215666711963 0.132167783487594 0.118416639354978 -0.0773420273203635 0.236161511424281 -0.045621216229792 0.0105298779744863 0.0739288158269937 -0.143563862563135 0.147116862024615 -0.0265189410426511 0.116578015082375 -0.203943198679956 -0.198167479023189 -0.147584508989824 -0.119954874337005 0.167722724369893 -0.0778262658920488 -0.164900591768299 -0.0568224961273336 -0.0978536269360803 0.00784839614416352 -0.129729315860694 -0.161270066086547 -0.0302799602245301 -0.226562042481188 0.220075970553944 -0.152150357506129 -0.0163560640135215 -0.1564319404138 -0.145040497496096 -0.111858746830716 0.0503775424592991 -0.0389347867189639 -0.0825241377306852 -0.129211574000561 -0.114154040525381 0.280923841007023 0.122900432690145 -0.0858463045102247 -0.096278671617935 -0.0831196807292496 -0.156758395220771 -0.122547515040353 -0.218960400152611 -0.203719658859231 -0.156655323065381 -0.157120247233508 -0.00688873289765615 0.239485411989746 0.167917230570279 -0.103387212240545 0.0334491053644152 -0.081457616332544 0.165948061381015 -0.0455690633839489 0.160710964041488 -0.0220556148611804 0.0708050884553572 0.107564743079409
-0.0530052892564003 -0.0964242531299351 0.151775704748595 0.129065729190916 0.154458588220975 -0.0100510611098087 0.183168827159779 -0.00260284591996087 0.0025824952117603 0.0398502470497481 1.17287848795098 0.123944408266482 -0.0872022718780177 -0.0218340125856688 0.0827717391029354 -0.0299540891799349 0.509181697809901 0.127823657047227 0.094377564209348 -0.061062903021428 -0.151080695685642 -0.0434683368687837 0.149689474181884 0.0249235642968745 -0.175071917611371 0.168946088986229 0.177413381850648 0.290708730272234 -0.218362914188853 -0.0601890165113688 0.0830801406885813 0.101651949947315 -0.0460187846809453 0.285103675167871 0.00271926750558744 -0.0910974500006442 0.0139930249419109 0.00126251855401917 0.0714137855407672 -0.170874796723776 0.130039288402866 -0.17389020283918 -0.21762519296905 -0.220334538625909 0.0720724891097015 0.0186115887172124 -0.189378969225706 -0.13628773292123 -0.0572575352152048 -0.0269820454645277 -0.0931127882697134 -0.208202909534384 -0.11478141300392 -0.0655169711910211 -0.12308582726393 0.00434040171081753 -0.182285986549058 -0.0580228347580916 0.00839047364896931 -0.202455721161307 -0.0163507407529646 -0.0821104199321341 -0.0306367130236306 -0.131563429713983 -0.257380497838734 -0.152517624688356 0.0299193467275496 0.0439329816816692 -0.140830974875189 0.129103049743271 -0.0944603359625073 0.00876181706887996 -0.115304958050648 -0.1032007442604 -0.118666369833489 0.00848266331470119 -0.120786215412606 -0.119383903339097 0.111257008911577 -0.0269458145574485 -0.0562684351560092 0.0273364712812178 -0.0772382278704368 0.0769119626138236 0.0803434734231206 0.170341012042851 -0.124512094464543 0.0472022188394533 0.0978478119372857
-0.0279022952980529 -0.190199187661478 0.162194186745641 0.147717977229323 0.196982999435788 0.118397956235344 -0.0393459614861425 0.0803621267070701 -0.113266327795262 0.130376488283939 0.123944408266482 0.624122774403857 0.0472174081385502 0.0139729683357932 -0.0586043354781087 0.0723017438990358 0.0963775134072609 0.161265042820939 0.104230181037362 0.0639475206603112 -0.0636188514782183 -0.110766528135288 -0.0654486067375333 -0.1599850383894 -0.164191635153917 0.183022128194482 0.256890759005155 0.200007617785909 -0.181731195572105 -0.0347543394250545 0.11935821701882 0.197632492986334 -0.174185429596585 0.244957030027028 -0.00521663169735076 0.0276379183461581 0.144698590172864 -0.186375770003848 0.11340048918383 -0.059265896813436 0.16106198263765 -0.188662855837793 -0.151846399600484 -0.13806862513104 -0.0507426235672655 0.119198276788577 -0.113370324918625 -0.180066110710381 -0.0697198377321369 -0.0789721703077821 -0.0170236960738747 -0.107608196296272 -0.164710446082055 -0.0347208097585473 -0.253696436348373 0.0913454695998257 -0.151146454441008 0.0554568064933215 -0.0824688432662976 -0.135295279079423 -0.215092267953834 0.0157607366966638 -0.0523565288764593 -0.059203904615221 -0.138715036932038 -0.109729426829203 0.0925587014231481 0.124938932137158 -0.0556253441270512 -0.0896189425852803 -0.0307732763884915 -0.0824797257559548 -0.197786012009307 -0.164048358010614 -0.164366623476116 -0.0823766536005657 -0.174333479610993 -0.00834243768380186 0.205568891770072 0.042650760139845 -0.112033441501736 0.106064765069414 -0.0164998115032393 0.211429725835886 -0.0291582120005231 0.228361861778068 0.0195212162191196 0.106702007395626 0.175879951022355
-0.0468231571010995 0.00553239931964502 0.0189572467771706 0.0087778540966797 -5.09493093101208e-06 0.201966525278782 -0.0722248823035301 0.0181172073480734 -0.0144937101406623 0.0601789055756981 -0.0872022718780177 0.0472174081385502 0.924577074568399 -0.0177908846272043 -0.126406211579073 0.164586921615522 0.00935264458455206 0.0432198308325025 -0.0401627284894006 0.136330236360313 0.0347949070434616 -0.0748890887595603 -0.0746792076076786 0.126969406368032 -0.109180670902901 0.0128086413835775 0.0403187652168812 0.000904089445905103 -0.036481764355706 0.0413206144660162 0.0379844037860712 -0.0155822790445057 0.0297941825737296 0.0360543897602691 -0.0569142298038978 0.0113902535612424 0.0253359794825516 0.00959496066382958 0.0244903801940546 0.162504750369943 -0.0092297012038485 -0.116403054341951 -0.0635969981044333 -0.041267524056765 -0.0665115291689547 0.0816350379890317 -0.00403017146432235 -0.082005124677275 0.0301552630890118 -0.169624729228278 0.156608992099173 -0.0782409173111131 -0.142092547834943 -0.0511233207526087 -0.0838944041700425 0.0960992241632512 -0.0603279543118937 -0.102139686897808 -0.174148219169002 -0.0369815536256431 -0.083228004056221 -0.00552907005925533 -0.0142095412186652 0.0345665013698909 -0.0229582624495044 -0.0243270811741931 0.0757985411276682 0.0267598213019706 -0.0397951123278546 -0.100942635924596 -0.0961691972126768 -0.173776875749091 -0.121843890594221 0.0833319598014867 0.0796363144662694 -0.17405602950327 -0.0482139590991731 0.0639211058578828 0.0168085219496306 0.0569427320559007 -0.17574824747241 -0.0518920780949281 -0.0972784919303731 0.0454720723837517 -0.0985792688075406 0.0511333023065761 0.2957377102107 -0.00213646476830313 0.00945074930193806
-0.0163469426138963 0.0149240384208027 0.0461798005686352 0.0376721946682006 0.0221056123785134 -0.0484628605221541 -0.138370443513394 0.0502890369962402 0.0126833828297474 -0.0211499403528171 -0.0218340125856688 0.0139729683357932 -0.0177908846272043 0.924486831427159 -0.0259683282072189 0.0295081058676063 0.0132378689119271 -0.00715822884824581 0.00383358582836297 0.016151440892619 0.0449686157287048 -0.0637541174232967 -0.018810615037337 -0.0308415048884543 0.0145681214221438 0.0131915614800429 -0.00111764498353059 -0.0195507362283576 -0.00109290891705576 0.301908313812972 0.0813179930608422 0.0319180356982032 -0.0703142097268188 -0.0021486488071622 0.152935993755481 -0.0153932314264527 0.0063821945165933 0.0193773912686814 0.0765107885987163 -0.0056721364877552 0.00169062860473408 -0.104900124835656 -0.0198235346899867 0.0785306206268184 -0.15590924185506 0.0157862040478296 0.0437115330027915 -0.0321121529081844 0.0157600986601588 -0.134727920999591 -0.0384471157262579 -0.0191019962171902 -0.0267001855041123 -0.0229322621953536 -0.0867238324199395 0.0371205133204494 -0.0329242042358029 -0.0331099581821063 -0.0968636436457254 -0.0172594357207723 -0.148096754064508 -0.0400032943944938 0.0214924439847706 0.0216606054986538 0.0334028022922187 0.0261210466242778 0.0334911553100511 -0.0425053399712161 0.0105561274432208 -0.120664194110353 -0.100198797127797 -0.0966834131805987 -0.0310012335870881 0.0215050752434579 0.0160140122451213 -0.0967714539799936 0.0158330728762326 -0.0278094789299914 -0.00820092362178938 -0.00656158644443141 -0.14275562869343 0.00463223777581531 -0.0458078446716979 0.00772765762753354 -0.109549147579083 -0.00177034008327869 0.00275263003986069 0.0157203279634198 0.0660597651170542
-0.05117013540976 -0.170956465806975 -0.0648801012881278 -0.0486633362111502 -0.0421220756606993 -0.115812050122609 0.690204790891469 -0.00880523166276293 -0.0540322232385231 -0.00498379436678476 0.0827717391029354 -0.0586043354781087 -0.126406211579073 -0.0259683282072189 1.57564467823301 -0.0406463557156635 -0.0827705125941371 -0.0639875566140401 -0.0470982144932337 -0.0565432596850001 -0.139063764288823 -0.136379084253454 0.707839186586536 -0.0719622102203557 0.379429708504623 -0.0641888543181858 -0.0556685787904948 -0.0831055418013387 -0.187190595650974 -0.0668196747010553 -0.0556500062295656 -0.0230205876553608 -0.132560108914394 -0.0592261397821103 0.407214212606768 -0.0653072384438016 -0.019308925071385 0.141090261490024 0.0592153977773505 -0.11169376602567 -0.0824274789807631 0.0491071013108503 -0.213242063965859 -0.208770855317263 -0.0754093631488321 -0.0518471006961086 -0.145374196347793 -0.180978770740416 -0.0379872203759674 -0.048960446040637 -0.0560528428250989 -0.186279885879995 -0.123869989938612 -0.0769296229632727 -0.175441628984528 -0.0470009220305164 -0.18620106176748 -0.0439318190753732 0.140876783802088 -0.167313194308093 0.313105006585703 -0.0124261995742719 0.297313355530878 -0.13555782230816 -0.192485394166896 -0.130076838715263 -0.0328651494315943 -0.0364221195744588 -0.0673375559814181 0.124103624651652 0.131818760948524 0.14086590131243 0.115505527313565 -0.142119044270648 -0.130950824877357 0.140968973467819 -0.104103446409352 -0.140931935987313 -0.0540862660304447 -0.0636575634273511 -0.0262808094223389 -0.0102982098935284 -0.110424957594914 -0.0799885064196094 0.812586186781409 -0.0728698725450028 -0.154886575089652 -0.0718730288466229 -0.0454053486635952
-0.0607912322281726 -0.078815658417084 0.124954630662913 0.100933250160438 0.0969561429514795 0.0889977600815586 -0.0838954239214312 0.113626790833496 -0.0843880516524372 0.240842163018407 -0.0299540891799349 0.0723017438990358 0.164586921615522 0.0295081058676063 -0.0406463557156635 0.677524224055777 0.0465944583845804 0.153460243876814 0.0981195513096337 0.184743413966754 -0.000619084417860809 -0.120822405166153 -0.0711959586685868 -0.0647392777864832 -0.0626317777084608 0.0802331675804639 0.082900814589136 0.0949484021548611 -0.154609348823348 -0.0277008675983263 0.0773997125962355 0.108792934552954 -0.0790096869874855 0.0862266786434552 -0.022335220533482 -0.0329571649958442 0.0885191355068738 -0.0827859945998322 0.0905557671164627 0.0259896104577882 0.0478987865805208 -0.192726143246781 -0.139901744065422 -0.133834821791767 -0.0889820135544475 0.204142004710735 -0.0573813406787097 -0.147411610545731 -0.0379440898043054 -0.13151610822888 0.0688260677982668 -0.135580579659866 -0.158922866923552 -0.0652086757995872 -0.198270918016319 0.30930174258346 -0.151026124414714 -0.0247228809771054 -0.116371691768416 -0.141410908857275 -0.136383907756716 -0.00488070835298681 -0.0123690235291516 -0.0725490844601758 -0.105394383250781 -0.122782877596373 0.255790877739301 0.206107595428281 -0.0165783738183955 -0.11984040963018 -0.0388786082888653 -0.116191461303289 -0.136957136041639 -0.120428661118325 -0.0893589907921368 -0.116279502102684 -0.143988888771202 -0.0321162472937255 0.188381919427124 0.163119098830692 -0.148579459579279 0.0269802230484297 -0.0949760522746944 0.102090653152914 -0.0608805629037681 0.0682398614978002 0.0942365880919476 0.0525614831834714 0.0441319296430931
0.0602261544648821 -0.0801805042598688 0.175699191223449 0.0943674509432154 0.165328079381721 0.0362504666872569 0.0407488781169761 0.0582544388652557 -0.0191800650521677 0.154712693732403 0.509181697809901 0.0963775134072609 0.00935264458455206 0.0132378689119271 -0.0827705125941371 0.0465944583845804 0.991310052225882 0.183138051016348 0.185648005891705 0.0043119823929314 -0.0666303275824756 0.0113804078059341 -0.0675985752865373 -0.029102744100716 -0.178307982102186 0.154922265912593 0.149328923967779 0.307697469542739 -0.215669077912784 -0.0589460026365639 0.107648531485986 0.136225094710839 -0.0526515064702926 0.260550695532995 0.0382384925787734 -0.0168878838014851 0.00921133986047725 -0.169095153657449 0.105705301363167 -0.130861022552735 0.122543232256166 -0.229747362292004 -0.142284436597109 -0.213720172710145 0.00898802276115678 0.12622379108599 -0.130479389260933 -0.0629126979365492 -0.0340367545602015 -0.130537691003531 -0.0648995172478498 -0.193168271666746 -0.133432796545087 0.0333646988163437 -0.202350436926416 0.0917189680886842 -0.151246608373255 -0.0681786977701459 -0.125596085292981 -0.172060332664831 -0.107135002339329 -0.0413978300519666 -0.0116482780847642 -0.132911973285169 -0.193034602991096 -0.134335195399585 0.0979423336613354 0.0608797760431456 -0.151470158266694 -0.14855481937685 -0.0848101801914115 -0.125606967782638 -0.148929739995062 -0.0694549243871788 -0.0656232306962533 -0.125503895627249 -0.0781117404304871 -0.0860281102359201 0.122451790029967 0.0705414314174431 -0.136903240114168 0.0148618810920079 -0.0968906613694203 0.137016394481082 -0.0986871551520815 0.182068549225572 -0.0552519714073623 0.0672167334411698 0.125356532840959
-0.0712370827609192 -0.207096458900922 0.290070293697106 0.177340698223518 0.234034822206762 0.102586097624762 -0.0640124992045089 0.105518617166326 -0.171310912743043 0.274377553011027 0.127823657047227 0.161265042820939 0.0432198308325025 -0.00715822884824581 -0.0639875566140401 0.153460243876814 0.183138051016348 0.577762178537618 0.166020603985854 0.0507841513911239 -0.0425855510807851 -0.112018784200869 -0.0687768977341787 -0.21797655345682 -0.181604756708491 0.188457975112485 0.264205938559838 0.243006838704856 -0.193858396081705 -0.0729947222465594 0.131869743911532 0.214516352514423 -0.175133919386331 0.280951414319953 -0.054536798210256 0.00454689604776864 0.139047319706963 -0.160050130268121 0.140873660475495 -0.0658308533493901 0.16248296122019 -0.247350632091915 -0.206275908176502 -0.170653025898295 -0.0994220533210244 0.225174971050441 -0.164735670495516 -0.208096672187065 -0.0647659966207286 -0.11277754092244 -0.0200823416965595 -0.153195697274334 -0.215907074246767 -0.0628656203167568 -0.29932601194282 0.226980558080441 -0.202618822950317 0.0215109994071745 -0.0792281049338921 -0.18991385139538 -0.171524437983887 0.018957826173881 -0.0582113507967513 -0.116533950743245 -0.164518261257195 -0.144932768160163 0.139209092430376 0.133771509897248 -0.0614945566163688 -0.0872227771837697 -0.0552944390511961 -0.0792389874235493 -0.216441068787596 -0.215284863704672 -0.201091605901819 -0.0791359152681602 -0.226040768976817 -0.031157902975187 0.250137860859292 0.205611424970215 -0.120398367516444 0.115125662512771 -0.0565269201617235 0.287925916619267 -0.0192711254147073 0.254606527587737 -0.00305927560751699 0.144497024958891 0.145894153237639
-0.0840643330536243 -0.153893333343715 0.174240683240194 0.102291693162039 0.213991874228928 0.0527417355027748 0.00522786139341502 0.122743472915159 -0.0647338152007478 0.135528127922584 0.094377564209348 0.104230181037362 -0.0401627284894006 0.00383358582836297 -0.0470982144932337 0.0981195513096337 0.185648005891705 0.166020603985854 0.997889326341921 -0.00753281737611125 -0.0217635130316946 -0.198223833856278 -0.126160976674566 -0.207870122520948 -0.107184867993987 0.169200566939035 0.230014833411751 0.26919522662972 -0.0912415823022855 -0.0367609990915712 0.161748598061083 0.165620533770524 -0.103383631490637 0.210145713085051 -0.0953525917515685 0.0100345030315621 0.0650175371614432 -0.197762468750994 0.17425454382797 -0.134656550077682 0.130603839132221 -0.233317558397637 -0.189163999814364 -0.133622940962997 -0.0812074709079956 0.124000551196469 -0.11258374117166 -0.183089321503313 -0.0931591015393516 -0.109916359701688 -0.0919869110073791 -0.102764655703339 -0.162631644373899 -0.125895560922219 -0.292917926011312 0.124125760848836 -0.173795172866523 0.0425417105505312 0.0322535293843862 -0.152367234547029 -0.112791896370785 -0.0327815531666801 0.00257873549193774 -0.125534517433105 -0.127612804486959 -0.159668178200006 0.106827330366255 0.0998310686806743 -0.091352489836333 -0.100510600585332 0.0687643184534354 0.0324337598495129 -0.16033577732562 -0.147259004186019 -0.134090827862951 0.0323457190501181 -0.185653587985133 -0.113171618577843 0.146187918152262 0.00572385754916465 0.0212686659182856 0.0572860341426272 -0.119251231178677 0.153356406125072 -0.0137148248901011 0.277250958937615 -0.0654063970740462 0.182309946526299 0.145594854846796
-0.00932381383539398 -0.0388022476563513 0.0283662783256153 0.0353914484679594 0.0321738753709206 0.0635799759791817 -0.0710103990346334 0.013876799001481 -0.0865019050247686 0.0726854199292758 -0.061062903021428 0.0639475206603112 0.136330236360313 0.016151440892619 -0.0565432596850001 0.184743413966754 0.0043119823929314 0.0507841513911239 -0.00753281737611125 0.762173831372584 0.0467470252927325 -0.0362084998853799 -0.101099430136327 0.0340192660396442 -0.123611324700856 0.00441443921431635 0.0503617221544715 0.0404797035425895 -0.0827697230264968 -0.0141298740798782 0.0451954901322145 0.0243278007728524 -0.0145486978148763 0.0241621496929401 -0.0747472646957192 0.0273791687666845 0.0300350206180225 -0.0529570113607584 0.07302162656477 0.15792929659713 -0.0151167052712418 -0.112999733046229 -0.0820092516570932 -0.0912698312338845 -0.033803714028953 0.124171814569562 0.00464705151390901 -0.127751509907401 -0.0222511937670292 -0.095255881211543 0.267140812559116 -0.083684716405682 -0.0919528474069526 -0.0124080396447211 -0.122713184016034 0.167491665264683 -0.0774894560576886 -0.013360411280156 -0.172145587237658 -0.076958299212602 -0.132108724722917 -0.00477806033572401 -0.00292416391736454 0.0287165218847488 -0.0815369580089977 -0.0741158278390647 0.150519889513764 0.194679777781718 -0.0376955969705967 -0.0764047822462326 -0.10225216756843 -0.171774243817747 -0.135973364323602 -0.0459308356686359 -0.0561665627627262 -0.172053397571926 -0.0811083619463692 0.0451645326322151 0.111257716874008 0.16871142490701 -0.113625128604622 -0.0253101241276762 -0.0346028158211454 0.0588211993627377 -0.0565312716747406 0.0509369378382302 0.126704425810432 -0.00474113281842575 0.00210019945443309
-0.0179154211079585 0.0928904813947382 -0.00875852624449662 -0.0299926128517087 -0.0608357265525194 -0.028451798945413 -0.153388733594714 -0.0709285469237149 -0.00216528456961653 -0.0407143838264218 -0.151080695685642 -0.0636188514782183 0.0347949070434616 0.0449686157287048 -0.139063764288823 -0.000619084417860809 -0.0666303275824756 -0.0425855510807851 -0.0217635130316946 0.0467470252927325 0.855241167484657 -0.0661995294589147 -0.178291558758898 -0.140907653148049 -0.116937406040297 -0.0911057237646626 -0.0662911284008027 -0.0965768392064421 0.287075188284235 0.0833888573298311 -0.0695964495522044 -0.0713273426715558 -0.0151755380577006 -0.098082384415714 -0.107386458599784 0.0314971757559868 -0.118522790883021 0.047840308513152 -0.0227168547835401 0.213263420854398 -0.113544977268446 0.0697926109344207 0.172243241597424 0.239708055041507 -0.0493095971817925 0.0315141133202975 0.191350647966867 0.126977251784608 0.0960331456202418 -0.134967392478208 0.168878663724484 0.157272146426312 0.0358701569892342 -0.0132269729378673 -0.0521159577140975 0.0344047820007172 0.16097164415785 0.0110692405929627 -0.220549473935528 0.317879493503892 -0.14595790420105 0.0539852658792559 -0.129646547873073 0.250099030072504 0.265533912266938 0.0619545231726878 -0.0235869992895758 -0.000781073683600389 0.0192358712853702 -0.122657986713551 -0.149295046791539 -0.220560356425185 -0.088813139768537 0.0913138104909429 0.104124041747741 -0.220457284269796 0.147307111285547 0.0384254555199504 -0.0816218707203464 0.0488847029551915 -0.141925199899741 -0.135171331117693 -0.0561635336835952 -0.0506570799870428 -0.154580763754566 -0.0781991888744979 0.0829472538382903 -0.0517742003125659 -0.0702889610511113
0.351920604307191 0.0951479380193371 -0.102768161250614 -0.0940818777229855 -0.115504949796417 -0.00897929324135016 -0.11946181781 -0.00504354461776648 0.00425022614352334 -0.104648196809634 -0.0434683368687837 -0.110766528135288 -0.0748890887595603 -0.0637541174232967 -0.136379084253454 -0.120822405166153 0.0113804078059341 -0.112018784200869 -0.198223833856278 -0.0362084998853799 -0.0661995294589147 0.83569241858356 -0.0927392025931574 -0.0690793317250391 -0.0395845046289043 -0.0916496159976843 -0.136637098330936 -0.119233866866395 0.152567280239809 -0.0659158363661519 -0.136643609387122 -0.102884765505453 -0.0379482825921926 -0.144692211233221 -0.0468501601091801 0.0691282895152026 0.00876531907152304 -0.0851411250679632 -0.0992914937107684 0.0160022057022719 -0.107595276379295 0.0462408803576648 0.199561615418748 0.135162486990956 0.158901972831994 -0.124829638980572 -0.0178242699343533 0.268867837848997 0.172697030880274 0.0580383784025034 -0.0225294778251366 0.117149211585943 -0.00480656488130448 0.462399209349076 0.0625657108338473 -0.0980292896666507 0.095788528667714 0.0788659799600094 -0.0263306567027827 0.00827567808167565 -0.0668132274525429 -0.0151931235087359 -0.0467068382345831 0.00753866698280875 0.0153544867309653 0.278198499447343 -0.0908226717055763 -0.101409352605605 0.0219154059167038 -0.0137009014830802 -0.0325749923414668 -0.0263415391924399 -0.06044449959803 0.105970759479007 0.0999751694467736 -0.0262384670370508 0.0645753555056341 0.123830633697713 -0.128564916774512 -0.0791492042058427 0.0337568450275525 -0.0281828878871081 0.388376438437075 -0.115748011418894 -0.0950259809065692 -0.116361124599004 -0.0359696076826501 -0.119744969476225 -0.114414827418065
-0.0823486791217849 -0.0964783648667786 -0.0402768676612338 -0.0177797786984302 -0.0365890319688109 -0.104007361196537 0.520649417639149 0.0591631351624154 -0.0508083041231417 -0.0961866292877767 0.149689474181884 -0.0654486067375333 -0.0746792076076786 -0.018810615037337 0.707839186586536 -0.0711959586685868 -0.0675985752865373 -0.0687768977341787 -0.126160976674566 -0.101099430136327 -0.178291558758898 -0.0927392025931574 1.49438421041847 -0.0666676920591924 0.216873036169692 -0.0170944461853542 -0.0828528220996159 -0.0956636316871134 -0.272449292663294 -0.104443848011703 -0.0613398199893738 -0.0173486883856889 -0.174228017116144 -0.0589423757201054 0.325413580809737 0.00520724301048451 0.0827678512656348 0.191898556141295 -0.0666909757530712 -0.1716518220631 -0.0250478005100722 -0.0532077892934187 -0.266925049986512 -0.190598559550246 0.168071309514557 -0.0672142374163299 -0.170835737976914 -0.224385189973132 -0.0405350651981116 -0.0345664448370162 -0.0603583670010543 -0.180008005926568 -0.072492652481265 -0.0755102581760497 -0.0394368626222137 -0.0816595609554329 -0.236442482902367 0.00561807874158737 0.353121499152824 -0.209179069244719 0.16116628550591 -0.0417552866073574 0.352861997664917 -0.149867727271739 -0.225013324566665 -0.153458538042379 -0.0626335464067527 -0.115009149570897 -0.130044270046511 0.173426483153391 0.037513683577516 0.353492842572734 0.223382856219026 -0.0609581452329151 -0.0699971199848739 0.353213688818556 -0.119524902865251 -0.134873072784584 -0.0748106314603056 -0.106975903555325 0.0105456587069292 0.109035562040672 -0.125284062881485 -0.057037940109829 0.441755491698499 -0.0582454990048674 -0.100138916255409 -0.0347967649689221 -0.0176137151913043
